-22.2884137588
-14.3748321219
-13.9469982131
-13.9469982131
-19.920126894
-19.920126894
-11.4301964673
-13.6381892018
-13.210355293
-21.5410550155
-19.920126894
-17.5157033248
-18.3086323613
-18.0488139933
-19.920126894
-13.210355293
-19.920126894
-19.920126894
-19.920126894
-13.210355293
-19.920126894
-18.3086323613
-19.920126894
-19.920126894
-19.920126894
-17.5157033248
-19.920126894
-19.920126894
-19.920126894
-19.920126894
-18.0488139933
-12.9148130193
-13.210355293
-17.5157033248
-13.210355293
-17.5157033248
-13.210355293
-21.5410550155
-19.920126894
-17.5157033248
-13.210355293
-13.210355293
-13.210355293
-19.920126894
-19.920126894
-13.210355293
-19.920126894
-18.0488139933
-19.920126894
-20.8944278506
-18.1623304897
-19.920126894
-19.920126894
-22.9581210353
-21.5410550155
-22.9692840407
-13.210355293
-22.851063952
-18.0488139933
-15.5029738061
-12.9148130193
-13.2999938171
-15.5029738061
-21.0933364311
-22.0741656841
-19.920126894
-19.920126894
-19.920126894
-19.920126894
-18.0488139933
-17.5157033248
-19.920126894
-19.920126894
-19.920126894
-19.920126894
-19.920126894
-18.3086323613
-13.210355293
-13.210355293
-19.920126894
-19.920126894
-18.0488139933
-13.210355293
-13.210355293
-17.5157033248
-13.210355293
-21.927633451
-18.3086323613
-19.920126894
-19.920126894
-18.0488139933
-19.920126894
-21.7426195658
-19.920126894
-19.920126894
-21.7426195658
-20.5602257625
-19.920126894
-11.4301964673
-11.5508244551
-11.4301964673
-22.7695957036
-11.5508244551
-18.5569361108
-11.5508244551
-11.5508244551
-11.5508244551
-11.5508244551
-16.159040838
-19.920126894
-20.6185741342
-10.8300095345
-10.8300095345
-10.8300095345
-11.0552140089
-11.0552140089
-11.0552140089
-10.8300095345
-19.3362946683
-15.5652078242
-16.0889790193
-21.4084174777
-18.9700308435
-13.210355293
-16.0775119611
-10.8300095345
-16.3725543098
-11.264048015
-11.7401306903
-12.3314951766
-17.5157033248
-13.6381892018
-16.677698894
-14.0806645386
-13.6381892018
-13.532536438
-11.264048015
-11.264048015
-13.6381892018
-11.6060871338
-13.8361690525
-14.2839506755
-17.5157033248
-22.0741656841
-19.920126894
-18.3086323613
-20.8944278506
-17.5157033248
-10.8300095345
-13.210355293
-13.210355293
-13.210355293
-10.8300095345
-15.5652078242
-11.5508244551
-11.9929042951
-21.7854621915
-14.4460622466
-21.5410550155
-14.4460622466
-17.5157033248
-17.5157033248
-15.7654823811
-10.8300095345
-18.0488139933
-10.8300095345
-20.7617903128
-16.3172916311
-23.4912317039
-23.1588531477
-13.210355293
-20.8944278506
-18.6890110648
-19.1379918103
-20.9021494247
-13.210355293
-18.0423838998
-15.0374267328
-13.210355293
-13.210355293
-13.210355293
-18.3086323613
-18.3086323613
-16.3172916311
-14.2087340603
-11.5666524546
-11.5508244551
-11.5666524546
-11.5666524546
-10.8300095345
-10.8300095345
-13.9469982131
-14.663659374
-13.9469982131
-19.920126894
-22.3226568758
-19.920126894
-13.210355293
-13.210355293
-18.3086323613
-18.3086323613
-20.7617903128
-19.920126894
-10.8300095345
-13.210355293
-19.9384400436
-13.210355293
-21.7426195658
-11.8872545252
-22.851063952
-19.920126894
-13.210355293
-16.0889790193
-17.7081818117
-17.5157033248
-11.9929042951
-17.5157033248
-13.210355293
-13.210355293
-20.3048798675
-18.3086323613
-19.920126894
-13.210355293
-21.5410550155
-8.50630201741
-8.50630201741
-14.1042300284
-11.5508244551
-9.24294493753
-9.98886258247
-9.24294493753
-15.0926894115
-8.50630201741
-10.3750799182
-8.50630201741
-10.8300095345
-11.4301964673
-12.9148130193
-8.50630201741
-11.5508244551
-11.0552140089
-8.50630201741
-8.50630201741
-8.50630201741
-11.0552140089
-14.3085704527
-8.50630201741
-11.0552140089
-11.264048015
-11.0552140089
-13.532536438
-11.264048015
-11.264048015
-14.9988735068
-13.210355293
-12.9148130193
-19.920126894
-23.5483179145
-19.920126894
-11.9929042951
-13.210355293
-13.210355293
-13.210355293
-13.210355293
-17.5157033248
-19.0105222049
-17.5157033248
-18.3086323613
-13.210355293
-10.8300095345
-20.3048798675
-11.9929042951
-18.3086323613
-21.4084174777
-11.9929042951
-13.210355293
-19.7512788356
-11.9929042951
-15.9933882952
-18.0488139933
-13.210355293
-20.4083042931
-19.920126894
-10.8300095345
-21.353154799
-20.11433071
-11.7401306903
-8.50630201741
-9.28697273887
-14.0806645386
-10.8300095345
-13.210355293
-10.8300095345
-14.2087340603
-11.9929042951
-18.3086323613
-19.1891708334
-18.3086323613
-19.133501457
-13.210355293
-22.0741656841
-18.3086323613
-13.210355293
-13.210355293
-13.210355293
-13.210355293
-13.210355293
-8.50630201741
-8.50630201741
-8.50630201741
-8.50630201741
-11.9402892219
-13.6381892018
-11.4301964673
-17.5157033248
-11.9929042951
-13.210355293
-13.210355293
-11.9929042951
-13.210355293
-13.210355293
-13.210355293
-17.5157033248
-13.210355293
-16.0889790193
-18.3086323613
-16.0889790193
-15.0926894115
-19.920126894
-18.0488139933
-16.7865960948
-17.5157033248
-13.5402303437
-11.9929042951
-21.4084174777
-18.3086323613
-11.5508244551
-10.8300095345
-8.50630201741
-12.5594010907
-8.50630201741
-8.50630201741
-8.17209992933
-10.9594599689
-12.9488658575
-10.8300095345
-11.5508244551
-12.5594010907
-14.0997364466
-10.2167684966
-9.51487865301
-8.50630201741
-8.50630201741
-9.28697273887
-10.8300095345
-8.50630201741
-9.51487865301
-8.50630201741
-8.50630201741
-9.51487865301
-10.8300095345
-16.4423690408
-8.50630201741
-14.3638331314
-11.264048015
-14.861962232
-9.51487865301
-11.264048015
-9.51487865301
-11.264048015
-9.51487865301
-8.50630201741
-11.6060871338
-13.532536438
-14.3085704527
-8.50630201741
-11.4766366994
-10.8300095345
-11.9402892219
-10.3750799182
-8.50630201741
-11.5508244551
-9.28697273887
-8.50630201741
-8.50630201741
-10.8300095345
-21.2852091955
-11.5508244551
-8.50630201741
-11.4301964673
-8.50630201741
-8.50630201741
-8.50630201741
-13.6381892018
-13.6381892018
-13.6381892018
-13.6381892018
-8.50630201741
-10.9594599689
-8.50630201741
-20.8078314349
-11.5508244551
-13.6381892018
-13.6381892018
-13.8090671227
-9.51487865301
-14.3085704527
-13.2999938171
-15.4268914996
-13.0041285362
-14.3085704527
-12.7209599434
-8.50630201741
-8.50630201741
-8.50630201741
-16.9912168476
-9.28697273887
-12.8936031788
-10.495707906
-8.50630201741
-12.9488658575
-20.690017597
-10.9594599689
-12.9488658575
-8.50630201741
-8.50630201741
-10.8300095345
-8.50630201741
-14.3085704527
-13.2999938171
-16.4233444233
-11.5508244551
-12.9488658575
-8.50630201741
-8.50630201741
-11.9402892219
-12.3314951766
-9.28697273887
-11.0552140089
-22.1780238947
-22.0741656841
-8.50630201741
-8.50630201741
-8.50630201741
-8.50630201741
-15.0805656997
-11.6060871338
-12.9299407804
-13.1400174937
-13.6507557011
-9.51487865301
-13.2060282557
-11.7401306903
-13.5954930224
-13.9296951105
-10.1615058179
-11.6060871338
-11.9106751799
-11.9106751799
-11.9106751799
-10.1615058179
-9.94483478113
-12.3079769774
-9.98886258247
-13.5402303437
-9.51487865301
-13.210355293
-10.9594599689
-13.2999938171
-10.8300095345
-8.50630201741
-8.50630201741
-13.5954930224
-8.50630201741
-10.8300095345
-9.28697273887
-10.9594599689
-11.9680366045
-11.5508244551
-12.8936031788
-10.8300095345
-9.28697273887
-8.50630201741
-9.51487865301
-10.8300095345
-9.51487865301
-8.50630201741
-11.5508244551
-12.8936031788
-12.3314951766
-14.0806645386
-9.28697273887
-11.6060871338
-11.7401306903
-14.2087340603
-11.0552140089
-10.495707906
-9.20819186101
-12.9488658575
-11.6060871338
-11.5508244551
-12.5594010907
-14.931776963
-9.51487865301
-9.51487865301
-11.0552140089
-8.50630201741
-9.28697273887
-12.9488658575
-12.3314951766
-14.3085704527
-11.5508244551
-13.419602356
-11.5508244551
-8.50630201741
-8.50630201741
-11.5508244551
-8.50630201741
-11.4301964673
-11.5508244551
-11.4301964673
-11.5508244551
-11.9680366045
-8.50630201741
-8.50630201741
-11.4301964673
-13.6381892018
-11.5508244551
-10.9594599689
-20.2875767649
-11.5508244551
-13.6381892018
-13.2999938171
-13.2999938171
-11.5508244551
-11.5508244551
-10.023615659
-9.57014133168
-12.1668393875
-17.9205408124
-9.24294493753
-9.20819186101
-11.696102889
-15.5379127665
-14.8451590544
-11.4111718499
-9.90434341977
-11.5508244551
-16.563705946
-13.5954930224
-9.24294493753
-9.24294493753
-9.24294493753
-9.24294493753
-9.24294493753
-13.9849577892
-9.24294493753
-12.2874673752
-9.24294493753
-9.24294493753
-10.7092820063
-9.24294493753
-13.1400174937
-20.5122891612
-13.9597273976
-10.8300095345
-13.6507557011
-20.5595104804
-11.5508244551
-9.24294493753
-11.5508244551
-11.216622367
-12.1591882407
-11.6060871338
-11.6060871338
-11.6060871338
-11.216622367
-15.9567844329
-18.1063525289
-10.8300095345
-12.0154622525
-11.264048015
-13.3383306243
-11.4459249264
-10.968182734
-10.495707906
-9.51487865301
-19.7732307103
-13.4748650346
-8.17209992933
-9.24294493753
-9.70603028925
-9.24294493753
-10.4426732094
-9.94483478113
-12.6846977654
-12.7251891268
-8.17209992933
-9.90434341977
-16.8153261811
-15.5572510688
-12.1668393875
-13.0941442914
-14.776863388
-10.6297514625
-10.8694442137
-9.28697273887
-13.0724242026
-11.0552140089
-12.4933903288
-11.0364784005
-9.66015708687
-9.57014133168
-8.97877684543
-9.90434341977
-6.52561889396
-8.56156469609
-6.52561889396
-15.1994573783
-12.1278330108
-13.6381892018
-8.97877684543
-10.8300095345
-7.17224605889
-12.5891443688
-17.0317082089
-10.2720311753
-11.9680366045
-11.6613498125
-9.20819186101
-14.1344895232
-8.92351416676
-12.676932142
-20.58253277
-10.2167684966
-12.3979927326
-9.62540401036
-10.2720311753
-10.6962490186
-8.50630201741
-10.6962490186
-16.6646659062
-13.6619432878
-9.62540401036
-15.7214545797
-11.6060871338
-8.92351416676
-8.50630201741
-8.92351416676
-9.24294493753
-6.47035621529
-14.4152029263
-9.57014133168
-10.1762771353
-11.7401306903
-11.264048015
-9.90434341977
-12.7599422033
-11.6060871338
-9.66015708687
-12.3427300539
-18.0128264709
-12.7653240443
-11.3766721182
-13.0941442914
-11.0364784005
-10.5857236612
-14.0997364466
-8.92351416676
-9.66015708687
-6.47035621529
-12.3427300539
-9.66015708687
-10.5857236612
-12.0154622525
-12.6620894174
-12.4420205339
-10.6409863399
-10.6409863399
-10.7092820063
-9.20819186101
-11.0552140089
-11.6060871338
-11.6060871338
-7.07649201886
-11.6060871338
-11.6060871338
-9.24294493753
-13.9597273976
-10.6252578808
-12.4933903288
-8.17209992933
-8.17209992933
-9.70603028925
-8.50630201741
-11.4766366994
-10.1762771353
-11.7401306903
-16.677698894
-8.50630201741
-12.7251891268
-13.753804444
-15.8872426158
-8.50630201741
-23.852071086
-8.92351416676
-8.17209992933
-12.6294350867
-11.2718850457
-10.6409863399
-13.7407714563
-12.9034823076
-10.8300095345
-9.72080160657
-8.17209992933
-11.6060871338
-15.184686061
-8.17209992933
-8.17209992933
-10.2167684966
-17.5149880427
-12.4933903288
-9.24294493753
-9.24294493753
-9.24294493753
-13.9296951105
-11.7401306903
-11.4459249264
-13.1952801724
-10.2720311753
-10.2720311753
-14.8451590544
-12.5594010907
-11.791856929
-13.2300332489
-10.495707906
-10.495707906
-10.6409863399
-8.50630201741
-12.6238974454
-10.3215555691
-9.31297893352
-11.0086740954
-9.8490807411
-10.2720311753
-15.5818019745
-13.2300332489
-12.676932142
-10.5857236612
-12.7653240443
-9.20819186101
-9.24294493753
-9.16770049966
-15.3941867783
-10.7255055026
-14.8581351197
-14.2421201873
-11.0364784005
-13.2300332489
-9.24294493753
-11.2876135048
-11.6060871338
-9.66015708687
-14.1594927071
-9.66015708687
-13.1786634541
-10.023615659
-7.2069991354
-7.2069991354
-11.0364784005
-13.9849577892
-14.3873986212
-7.2069991354
-9.94483478113
-10.3620469305
-10.023615659
-10.5857236612
-12.14781477
-14.1594927071
-9.94483478113
-11.5666524546
-13.3513066895
-10.6409863399
-10.6409863399
-9.24294493753
-13.325787289
-10.3750799182
-12.9893572188
-10.6409863399
-12.4767736105
-10.6409863399
-9.24294493753
-11.9342406697
-14.3400790454
-15.3941867783
-12.595639152
-11.3428761835
-13.8643298014
-12.9488658575
-14.806119872
-14.3873986212
-14.6488880567
-7.908888979
-13.2300332489
-11.0769697618
-17.5424464163
-7.11698338021
-10.6962490186
-14.7282947143
-14.7216007093
-11.3428761835
-7.2069991354
-12.6238974454
-13.6855087776
-14.6045091615
-7.2069991354
-9.24294493753
-11.264048015
-17.2040151448
-11.0364784005
-11.2876135048
-9.66015708687
-8.51502478257
-8.57028746125
-10.5857236612
-7.2069991354
-14.7216007093
-12.14781477
-15.1666171637
-12.4933903288
-13.82383844
-13.9597273976
-12.7321948207
-9.24294493753
-15.85373569
-12.6294350867
-14.7958880054
-15.0825930382
-12.4420205339
-11.3428761835
-8.97877684543
-14.6909376169
-14.4021699385
-10.8781669789
-13.6514559394
-15.2475998864
-11.2876135048
-16.4374062705
-9.97958785764
-10.6814777012
-12.14781477
-15.0340257861
-11.2876135048
-10.6814777012
-12.621598056
-16.1939294078
-13.4267225265
-10.2720311753
-9.57014133168
-16.8153261811
-10.3674287715
-9.24294493753
-13.0446198975
-12.676932142
-11.696102889
-11.9106751799
-11.696102889
-10.594998386
-9.20819186101
-9.24294493753
-8.17209992933
-9.24294493753
-9.24294493753
-8.90874284944
-8.90874284944
-8.90874284944
-8.17209992933
-13.0724242026
-8.90874284944
-9.24294493753
-14.3873986212
-12.3427300539
-14.8916420454
-8.90874284944
-8.90874284944
-8.90874284944
-8.90874284944
-11.3619008009
-16.8976173618
-8.90874284944
-13.0593912148
-11.7018411738
-15.5652078242
-20.6495262356
-11.6060871338
-11.5508244551
-10.565741902
-11.6060871338
-8.90874284944
-8.50630201741
-8.90874284944
-9.24294493753
-8.90874284944
-8.90874284944
-9.24294493753
-13.0593912148
-9.24294493753
-10.1762771353
-12.6699264481
-12.1816107048
-10.1762771353
-9.24294493753
-7.72311918378
-11.3981388622
-11.6060871338
-17.8213858257
-7.2069991354
-7.908888979
-7.2069991354
-9.66015708687
-13.4314370588
-13.4314370588
-10.6409863399
-15.7236825618
-7.2069991354
-13.325787289
-11.5666524546
-9.94483478113
-16.7597744934
-14.6009727215
-10.6409863399
-9.66015708687
-10.6409863399
-12.1133150383
-18.2664022801
-13.2999938171
-9.94483478113
-10.6062332634
-9.16770049966
-9.81432766458
-9.24294493753
-7.11698338021
-14.8451590544
-12.4933903288
-9.24294493753
-13.0724242026
-9.24294493753
-12.2874673752
-9.20819186101
-9.16770049966
-9.16770049966
-13.7407714563
-9.61063269304
-14.0810008382
-16.4510918059
-14.353345783
-10.3750799182
-8.92351416676
-11.3428761835
-15.2475998864
-14.0276771326
-12.4937467726
-8.92351416676
-15.0340257861
-13.9849577892
-11.3428761835
-13.4314370588
-16.4159822856
-12.6238974454
-14.6663380306
-10.3620469305
-11.8136126819
-14.3321359425
-11.3428761835
-11.0769697618
-10.6409863399
-11.8872545252
-9.62540401036
-13.325787289
-11.1117228383
-10.023615659
-15.3941867783
-16.4046088149
-7.83364454113
-15.4270269929
-10.6062332634
-15.2184819958
-14.0749735444
-13.4065693682
-9.94483478113
-11.1975977496
-11.4111718499
-13.5301277133
-14.5109569663
-11.791856929
-19.2176888985
-9.57014133168
-12.6294350867
-7.908888979
-7.2069991354
-9.66015708687
-12.7209599434
-15.3682278742
-9.24294493753
-9.66015708687
-13.0446198975
-11.791856929
-9.51487865301
-11.3428761835
-11.3428761835
-7.2770331314
-10.3215555691
-6.52561889396
-11.4459249264
-11.5666524546
-14.0254491505
-11.2876135048
-9.8490807411
-11.4273953462
-10.6062332634
-14.8363793668
-11.3428761835
-11.9490119871
-13.8090671227
-11.9490119871
-19.0133274575
-12.1133150383
-14.7216007093
-12.3427300539
-10.023615659
-10.3067842518
-10.5857236612
-10.6409863399
-10.5857236612
-13.8805532977
-13.7407714563
-12.6294350867
-7.908888979
-7.2069991354
-12.2874673752
-12.3427300539
-10.2315398139
-10.5509705847
-11.7235969268
-15.2771425211
-13.0724242026
-9.94483478113
-9.94483478113
-9.16770049966
-15.1300900935
-11.5666524546
-12.2685422982
-14.6653808889
-7.2069991354
-15.1666171637
-13.8213977352
-11.1975977496
-12.0447660271
-11.791856929
-12.2685422982
-10.6409863399
-15.5382692104
-14.3748321219
-10.9534114167
-11.0364784005
-9.24294493753
-9.94483478113
-11.1117228383
-11.2876135048
-10.6409863399
-16.5612607195
-11.9342406697
-11.2323508261
-13.4065693682
-10.6409863399
-12.6238974454
-19.6610458359
-11.791856929
-11.3428761835
-9.24294493753
-11.3428761835
-14.832078776
-16.8179707927
-11.8037335532
-8.90874284944
-11.2718850457
-13.0593912148
-14.8416811213
-16.5193874724
-11.9532652872
-8.90874284944
-9.97958785764
-6.47035621529
-8.17209992933
-10.6252578808
-8.50630201741
-12.9657917291
-12.2874673752
-19.3620101906
-11.9532652872
-8.90874284944
-9.24294493753
-8.90874284944
-11.4111718499
-8.90874284944
-10.6252578808
-9.24294493753
-8.90874284944
-9.24294493753
-8.90874284944
-11.3619008009
-13.3788219856
-14.4904473642
-11.2718850457
-11.9532652872
-12.676932142
-9.24294493753
-10.6252578808
-8.90874284944
-10.2315398139
-12.4127640499
-19.1030525404
-10.2315398139
-8.17209992933
-17.4531308994
-10.6252578808
-10.1762771353
-13.0041285362
-11.2718850457
-11.6060871338
-8.17209992933
-10.6252578808
-11.6060871338
-10.6252578808
-8.17209992933
-11.2718850457
-13.422849787
-15.3941867783
-12.3427300539
-15.8845950103
-9.66015708687
-13.0941442914
-15.5382692104
-11.3428761835
-7.17224605889
-15.1358283783
-13.4065693682
-14.353345783
-20.2192810985
-11.3428761835
-10.2515215731
-12.1668393875
-10.5857236612
-7.2069991354
-7.2069991354
-14.4152029263
-9.94483478113
-9.66015708687
-10.3620469305
-15.0825930382
-9.24294493753
-9.94483478113
-14.1594927071
-7.2069991354
-13.0998825762
-13.4135750621
-10.8229043002
-9.94483478113
-13.7743140462
-9.24294493753
-17.4466923763
-12.14781477
-9.24294493753
-13.220799573
-9.90434341977
-14.3873986212
-12.4937467726
-13.6514559394
-9.24294493753
-16.3962686307
-10.5857236612
-7.908888979
-11.0364784005
-11.4273953462
-15.0926894115
-11.0364784005
-11.3428761835
-15.2218798424
-9.24294493753
-17.5684767276
-9.94483478113
-17.6050037979
-13.1624399578
-9.94483478113
-13.8643298014
-14.0749735444
-12.1668393875
-8.50630201741
-9.24294493753
-9.24294493753
-14.9710692017
-11.2876135048
-10.7255055026
-10.023615659
-9.24294493753
-9.66015708687
-9.24294493753
-9.66015708687
-7.2069991354
-10.7255055026
-10.3620469305
-10.594998386
-9.24294493753
-9.94483478113
-9.57014133168
-12.676932142
-10.3620469305
-9.62540401036
-11.7731213206
-11.2876135048
-11.0364784005
-10.6409863399
-12.0232992832
-7.908888979
-10.6409863399
-11.2123690669
-14.3748321219
-10.3620469305
-13.0847548151
-10.3620469305
-12.2874673752
-12.0232992832
-13.3788219856
-12.676932142
-7.908888979
-7.2069991354
-9.66015708687
-10.6409863399
-11.6060871338
-10.7255055026
-10.3620469305
-13.6302460989
-11.3428761835
-14.257591743
-14.6111748923
-11.8136126819
-10.7255055026
-9.24294493753
-9.66015708687
-14.8363793668
-15.1705814548
-15.5572510688
-11.286656363
-6.52561889396
-13.796034135
-16.1974658477
-7.2069991354
-9.66015708687
-7.2069991354
-13.9849577892
-8.97877684543
-9.90434341977
-9.34223541754
-14.2916445812
-15.1666171637
-7.908888979
-13.422849787
-10.023615659
-13.9469982131
-14.353345783
-13.2300332489
-7.908888979
-12.1133150383
-15.184686061
-11.2876135048
-10.3620469305
-7.86839761765
-14.3873986212
-14.6045091615
-15.8651091607
-11.2876135048
-7.2069991354
-7.2069991354
-10.023615659
-15.7740696529
-10.968182734
-11.0364784005
-7.2069991354
-14.6045091615
-7.81887322381
-11.9895033484
-11.0769697618
-9.94483478113
-10.8376756175
-8.50630201741
-9.90434341977
-16.9988679943
-11.2718850457
-9.90434341977
-9.90434341977
-12.0232992832
-8.17209992933
-14.4904473642
-20.5059861313
-11.9895033484
-16.0851780441
-7.2069991354
-10.3067842518
-10.6850141412
-9.90434341977
-10.968182734
-7.86839761765
-11.614809899
-14.5785502575
-11.614809899
-10.9534114167
-13.0446198975
-13.1346356527
-10.3215555691
-9.66015708687
-10.3215555691
-11.3869039848
-12.3867578553
-12.7599422033
-14.7958880054
-12.3427300539
-15.5572510688
-11.791856929
-11.1571063883
-14.0928355411
-10.661495942
-11.696102889
-11.0552140089
-13.4119512092
-14.3469072599
-7.86839761765
-10.6467246247
-7.2069991354
-7.86839761765
-13.2355708903
-7.81313493897
-8.57028746125
-7.908888979
-11.0234454127
-10.3215555691
-8.57028746125
-13.2300332489
-9.64538576955
-11.5508244551
-11.9185122106
-8.90874284944
-14.3873986212
-16.0009981183
-11.3619008009
-8.90874284944
-12.9182536249
-8.90874284944
-8.90874284944
-8.17209992933
-7.7378905011
-8.17209992933
-8.90874284944
-8.92351416676
-13.532536438
-9.97958785764
-7.11698338021
-7.85362630032
-8.90874284944
-8.17209992933
-8.90874284944
-9.61063269304
-10.6814777012
-9.97958785764
-9.61063269304
-12.6551551308
-10.6814777012
-11.9142589105
-11.6700725776
-10.5857236612
-13.489636352
-15.497777849
-9.24294493753
-14.8321260666
-10.6062332634
-10.6062332634
-12.3427300539
-12.2874673752
-9.61063269304
-9.61063269304
-11.216622367
-12.3427300539
-9.97958785764
-10.4079201329
-9.24294493753
-11.5247941438
-12.6551551308
-12.0637906445
-8.90874284944
-9.97958785764
-13.2760622517
-8.90874284944
-8.17209992933
-20.491214814
-12.3427300539
-9.90434341977
-9.95960609845
-10.565741902
-9.81432766458
-10.8376756175
-12.4933903288
-10.6062332634
-7.11698338021
-10.6062332634
-12.864475931
-9.81432766458
-12.9151694631
-12.6238974454
-11.4301964673
-12.8687292311
-13.0446198975
-8.50630201741
-12.9488658575
-9.24294493753
-7.2069991354
-7.2069991354
-7.2069991354
-16.785293894
-8.6107788226
-11.3869039848
-9.94483478113
-7.81313493897
-6.47035621529
-8.57028746125
-13.0724242026
-11.3428761835
-14.6045091615
-7.86839761765
-11.6553012603
-11.7878926379
-12.3427300539
-9.62540401036
-12.0887938284
-7.908888979
-12.595639152
-13.4576028635
-10.3215555691
-7.908888979
-10.3215555691
-11.9895033484
-13.4119512092
-11.9490119871
-12.0232992832
-11.696102889
-10.6467246247
-10.7255055026
-9.90434341977
-11.9895033484
-11.9895033484
-10.3215555691
-7.86839761765
-10.6850141412
-13.397846603
-11.3023848221
-14.6653808889
-7.908888979
-14.6045091615
-7.2069991354
-9.90434341977
-10.5857236612
-14.9710692017
-10.6409863399
-12.4767736105
-11.5666524546
-13.0998825762
-10.9829540514
-13.7465097411
-12.0447660271
-12.4492911202
-13.6855087776
-15.9192005395
-16.1253803965
-7.908888979
-7.908888979
-12.4327458091
-9.81432766458
-11.6060871338
-9.62540401036
-12.1591882407
-9.24294493753
-7.11698338021
-9.90434341977
-8.92351416676
-14.4979239786
-10.1762771353
-12.3427300539
-10.2315398139
-9.16770049966
-9.81432766458
-11.4843027824
-14.776863388
-11.3576475008
-11.696102889
-12.6294350867
-12.3427300539
-13.1400174937
-8.50630201741
-13.6349147858
-10.5509705847
-14.4979239786
-19.4372546285
-10.2720311753
-14.5457100428
-12.1816107048
-9.20819186101
-10.6062332634
-14.3873986212
-14.4426612999
-8.57028746125
-11.9895033484
-9.24294493753
-11.0234454127
-12.8687292311
-10.7255055026
-12.1668393875
-10.5509705847
-14.2568915047
-14.4670677583
-13.2852959276
-10.6814777012
-17.2040151448
-11.2876135048
-11.6831055654
-11.2471221435
-15.1666171637
-7.2069991354
-7.908888979
-13.5167382817
-15.9192005395
-15.8172086198
-14.1084592118
-13.7060183798
-13.3909456975
-12.7251891268
-11.2471221435
-17.932200192
-13.422849787
-11.2471221435
-11.791856929
-9.90434341977
-11.3428761835
-11.2123690669
-13.7700279403
-12.4937467726
-20.0980076579
-19.5231295397
-13.8090671227
-12.8746781017
-12.0887938284
-13.825290619
-11.3869039848
-9.90434341977
-11.0639367741
-6.52561889396
-6.52561889396
-10.093649655
-13.0041285362
-12.1591882407
-8.97877684543
-7.17224605889
-7.92366029632
-7.92366029632
-12.14781477
-19.6571730963
-8.57028746125
-7.908888979
-17.8213858257
-11.2876135048
-13.9021798144
-8.57028746125
-7.2069991354
-10.3620469305
-9.66015708687
-16.0081596125
-9.24294493753
-7.2069991354
-9.17642326482
-8.47453342122
-9.52964997033
-9.61063269304
-12.3427300539
-7.07649201886
-11.642614204
-7.86839761765
-8.47453342122
-8.57028746125
-12.6104104693
-11.4459249264
-12.595639152
-16.0408139432
-12.6947941387
-13.1952801724
-15.0235667119
-9.94483478113
-9.90434341977
-16.4106004446
-14.0127051718
-15.2184819958
-9.94483478113
-11.9895033484
-12.4345198028
-10.2515215731
-10.5509705847
-14.604069658
-12.3632396561
-16.8101615846
-12.3427300539
-16.1256694055
-10.5857236612
-9.24294493753
-7.86839761765
-6.47035621529
-11.9895033484
-12.7599422033
-11.3428761835
-11.2528604283
-9.90434341977
-8.51502478257
-10.7255055026
-12.0154622525
-11.9895033484
-11.0364784005
-14.1594927071
-8.57028746125
-7.86839761765
-9.28697273887
-14.1594927071
-7.2069991354
-11.8737675492
-15.5572510688
-11.2876135048
-10.6814777012
-14.5933215748
-9.58491264901
-11.2876135048
-10.2315398139
-10.9534114167
-8.17209992933
-16.2398026101
-17.2047909479
-14.6463562714
-12.4197484855
-11.5666524546
-15.7789452404
-10.6409863399
-11.2123690669
-8.42500902738
-10.565741902
-12.3427300539
-10.6850141412
-13.4119512092
-7.908888979
-7.86839761765
-8.92351416676
-13.7465097411
-12.0335311497
-10.8300095345
-11.4290401038
-13.3788219856
-13.0724242026
-10.023615659
-11.0364784005
-11.6000385816
-11.9895033484
-11.2876135048
-13.2852959276
-14.6663380306
-10.3750799182
-14.776863388
-12.9151694631
-14.8012698464
-11.0769697618
-11.2471221435
-11.3428761835
-11.7583500033
-11.144563053
-12.3979927326
-10.8781669789
-10.6814777012
-9.61063269304
-13.7172059665
-14.1362635169
-13.1403739376
-11.3023848221
-8.57028746125
-14.3748321219
-8.92351416676
-11.3869039848
-7.86839761765
-13.825290619
-8.92351416676
-13.7407714563
-11.2876135048
-13.325787289
-13.1952801724
-12.178526543
-14.1594927071
-11.6060871338
-8.57028746125
-12.6361305133
-11.9895033484
-13.1786634541
-9.61063269304
-13.489636352
-13.9469982131
-16.7597744934
-15.4790422406
-10.9129200554
-9.61063269304
-13.7812628176
-14.0514080546
-10.6814777012
-12.5594010907
-11.6831055654
-13.0998825762
-11.9342406697
-15.6401615897
-15.3682278742
-15.3682278742
-16.5312221752
-9.97958785764
-13.726000139
-10.2315398139
-11.3981388622
-9.08640750963
-13.0446198975
-8.38451766603
-17.199521563
-10.6962490186
-10.565741902
-9.98886258247
-25.2742299378
-13.325787289
-11.2876135048
-11.8937493084
-13.0811469678
-10.3215555691
-14.7216007093
-12.4933903288
-14.1854989017
-13.82383844
-12.3427300539
-10.6062332634
-9.24294493753
-12.3427300539
-11.9895033484
-14.0127051718
-12.7653240443
-12.4937467726
-10.3215555691
-10.6409863399
-14.1344895232
-11.6831055654
-11.7878926379
-12.1727882581
-15.2184819958
-7.2069991354
-10.3215555691
-11.9895033484
-10.3620469305
-7.2069991354
-12.0085279658
-12.7321948207
-14.7958880054
-12.6294350867
-16.0081596125
-13.7407714563
-12.3427300539
-17.4064016584
-13.325787289
-11.9895033484
-11.2876135048
-12.7295472152
-10.6502610647
-7.2069991354
-12.7599422033
-10.3067842518
-10.6062332634
-10.6409863399
-14.8012698464
-12.3427300539
-8.57028746125
-15.0618300912
-7.2069991354
-9.66015708687
-10.3215555691
-9.62540401036
-9.66015708687
-10.3215555691
-10.6502610647
-13.325787289
-9.20819186101
-10.8781669789
-7.17224605889
-12.2685422982
-11.8937493084
-19.4819287083
-14.3873986212
-15.8293323316
-9.24294493753
-10.023615659
-9.90434341977
-9.90434341977
-8.6107788226
-11.2876135048
-7.908888979
-13.2760622517
-9.62540401036
-10.023615659
-12.595639152
-13.7172059665
-10.6502610647
-11.0364784005
-10.3067842518
-7.86839761765
-14.9935344248
-14.3321359425
-9.97958785764
-18.3927685528
-13.325787289
-11.8872545252
-9.24294493753
-14.5604813602
-8.90874284944
-12.4197484855
-14.3121541833
-9.20819186101
-7.83364454113
-9.62540401036
-11.3428761835
-11.3428761835
-14.1562452761
-12.3427300539
-7.2069991354
-11.3706804886
-9.81432766458
-15.5473022428
-10.6062332634
-11.216622367
-12.3427300539
-11.3576475008
-9.57014133168
-13.316553613
-12.1816107048
-11.9402892219
-10.8376756175
-10.8781669789
-9.81432766458
-10.8781669789
-10.6062332634
-13.14940697
-13.9597273976
-9.90434341977
-9.90434341977
-11.308123107
-12.3427300539
-10.6962490186
-15.4130314786
-23.1026841871
-13.7060183798
-8.57028746125
-8.57028746125
-10.2720311753
-9.24294493753
-9.20819186101
-13.796034135
-9.24294493753
-11.3576475008
-10.2315398139
-10.1762771353
-10.2720311753
-7.11698338021
-9.24294493753
-9.94483478113
-12.1816107048
-13.9597273976
-13.6381892018
-10.2720311753
-11.2528604283
-9.90434341977
-13.0041285362
-10.8229043002
-10.6062332634
-7.81887322381
-7.17224605889
-7.81887322381
-12.0595373444
-8.92351416676
-12.3427300539
-7.81887322381
-16.3333548053
-14.8363793668
-10.3215555691
-10.3215555691
-13.9319230925
-11.9490119871
-7.2069991354
-13.0446198975
-10.3067842518
-7.2069991354
-7.2069991354
-10.3215555691
-7.86839761765
-12.1133150383
-18.4310580692
-9.66015708687
-10.6850141412
-11.3869039848
-7.86839761765
-9.24294493753
-13.0041285362
-15.0340257861
-14.3469072599
-11.9895033484
-9.97958785764
-8.90874284944
-13.4618320469
-14.7216007093
-12.8687292311
-11.6060871338
-12.3427300539
-14.9935344248
-15.2184819958
-12.7599422033
-18.4680129906
-12.595639152
-15.2475998864
-9.90434341977
-16.0634222912
-13.825290619
-11.3869039848
-12.7599422033
-11.8937493084
-7.17224605889
-10.2720311753
-14.0679678504
-11.2876135048
-10.6814777012
-9.61063269304
-12.4345198028
-16.7597744934
-11.7401306903
-11.3428761835
-10.6409863399
-12.9488658575
-15.0487971035
-15.3682278742
-7.17224605889
-13.4314370588
-10.3620469305
-11.0234454127
-13.1786634541
-11.9895033484
-11.3428761835
-10.6409863399
-11.9490119871
-12.3940284415
-10.2167684966
-9.66015708687
-7.86839761765
-7.86839761765
-20.2493133856
-11.8937493084
-15.828015646
-14.6045091615
-12.676932142
-8.42500902738
-9.20819186101
-16.1815987953
-9.90434341977
-10.8376756175
-14.5604813602
-11.5595472203
-13.4748650346
-9.97958785764
-11.5247941438
-10.9186583402
-9.81432766458
-13.2300332489
-16.563705946
-14.3638331314
-13.82383844
-9.66015708687
-9.66015708687
-10.6850141412
-11.0364784005
-12.14781477
-11.5666524546
-11.9490119871
-8.90874284944
-8.90874284944
